1763118953516 3.5963857953902334e-05 0
1763118953854 1.3221507288108114e-05 1
1763118954114 7.394753538392251e-06 2
1763118954380 3.849434961011866e-06 3
1763118954578 1.9123340280202683e-06 4
1763118954793 9.257134934159694e-07 5
1763118955024 4.6583963353441504e-07 6
1763118955218 2.4595638592472824e-07 7
1763118955418 1.386545136483619e-07 8
1763118955648 7.773732590976579e-08 9
1763118955907 4.369810824300657e-08 10
1763118956140 2.4310581991926483e-08 11
1763118956347 1.42308858031015e-08 12
1763118956552 7.838518278902029e-09 13
1763118956771 4.1887147084196386e-09 14
1763118956981 2.3375876789799577e-09 15
1763118957171 1.6185154327885698e-09 16
1763118957409 9.808700518476599e-10 17
1763118957614 7.157400783164292e-10 18
1763118957882 8.683357366479072e-10 19
1763118958119 7.539562862923788e-10 20
1763118958306 8.012823737857389e-10 21
1763118958500 8.457724520738452e-10 22
1763118958710 7.594518347531221e-10 23
1763118953516 3.5963857953902334e-05 0
1763118968325 7.157400783164292e-10 24
