1763355798090 0.13909290730953217 0
1763355798371 0.1202639639377594 1
1763355798639 0.10578667372465134 2
1763355798940 0.09708352386951447 3
1763355799193 0.09390422701835632 4
1763355799390 0.09930285811424255 5
1763355799568 0.0991736426949501 6
1763355799736 0.09576648473739624 7
1763355799890 0.09393301606178284 8
1763355800040 0.09245820343494415 9
1763355800223 0.09241559356451035 10
1763355800373 0.09357741475105286 11
1763355800523 0.09265213459730148 12
1763355800707 0.09211873263120651 13
1763355800890 0.09189187735319138 14
1763355801073 0.0919913500547409 15
1763355801309 0.09109516441822052 16
1763355801580 0.09031102806329727 17
1763355801707 0.09108681976795197 18
1763355801840 0.09069044888019562 19
1763355801973 0.09061408787965775 20
1763355802123 0.08996518701314926 21
1763355802340 0.08917602896690369 22
1763355802557 0.08920354396104813 23
1763355802840 0.08942747116088867 24
1763355803090 0.0891212671995163 25
1763355803373 0.08877747505903244 26
1763355803623 0.08812163025140762 27
1763355803874 0.08845841139554977 28
1763355804151 0.08808271586894989 29
1763355804357 0.08751659840345383 30
1763355804557 0.08807697892189026 31
1763355804740 0.0878210961818695 32
1763355804896 0.08735819905996323 33
1763355805073 0.08723931759595871 34
1763355805322 0.08648219704627991 35
1763355805557 0.08564895391464233 36
1763355805785 0.08599843829870224 37
1763355806047 0.08557126671075821 38
1763355806266 0.08522899448871613 39
1763355806425 0.08485766500234604 40
1763355806612 0.08430010825395584 41
1763355806782 0.08409249037504196 42
1763355806932 0.08345350623130798 43
1763355807155 0.08378499001264572 44
1763355807326 0.08212385326623917 45
1763355807482 0.08131029456853867 46
1763355807627 0.08067864179611206 47
1763355807774 0.08136989176273346 48
1763355807932 0.08199424296617508 49
1763355798090 0.13909290730953217 0
