1763102452177 4.006722883787006e-05 0
1763102514591 3.973242564825341e-05 1
1763102574849 3.965427458751947e-05 2
1763102643748 3.9692742575425655e-05 3
1763102721710 3.971121259382926e-05 4
1763102896349 3.967293014284223e-05 5
1763103053688 3.969645331380889e-05 6
1763103209466 3.95493334508501e-05 7
1763103270188 3.9577433199156076e-05 8
1763103367877 3.929114973288961e-05 9
1763103516490 3.782983185374178e-05 10
1763103696944 3.3185729989781976e-05 11
1763103779808 2.6307172447559424e-05 12
1763103873892 2.0405463146744296e-05 13
1763103939013 2.0979074179194868e-05 14
1763104004969 2.2585725673707202e-05 15
1763104072093 1.640637310629245e-05 16
1763104136486 1.8234661183669232e-05 17
1763104201600 1.5029597307147924e-05 18
1763104264548 1.65300807566382e-05 19
1763104347982 1.2804405741917435e-05 20
1763104442849 1.4598740563087631e-05 21
1763104532455 1.8912040104623884e-05 22
1763104630901 1.5951225577737205e-05 23
1763104735969 1.585074824106414e-05 24
1763104845048 1.4886089957144577e-05 25
1763102452177 4.006722883787006e-05 0
1763104884881 1.2804405741917435e-05 26
