1763356871684 0.026181431487202644 0
1763356873168 0.02298388071358204 1
1763356875716 0.022986717522144318 2
1763356877066 0.023006010800600052 3
1763356878538 0.022928331047296524 4
1763356879918 0.02293873205780983 5
1763356881235 0.02306288853287697 6
1763356882263 0.023400962352752686 7
1763356883319 0.023328395560383797 8
1763356884369 0.02289588563144207 9
1763356885369 0.022969575598835945 10
1763356886292 0.023161429911851883 11
1763356887124 0.02289198897778988 12
1763356888057 0.022903241217136383 13
1763356888981 0.022959522902965546 14
1763356890102 0.022841427475214005 15
1763356891349 0.02290661446750164 16
1763356892295 0.02292410098016262 17
1763356893312 0.022860070690512657 18
1763356894276 0.022897154092788696 19
1763356895270 0.02287375181913376 20
1763356871684 0.026181431487202644 0
1763356938541 0.022841427475214005 21
