1763355861847 0.0014172358205541968 0
1763355876748 0.0013580095255747437 1
1763355892019 0.0013509991113096476 2
1763355907337 0.0013486177194863558 3
1763355922578 0.00134591746609658 4
1763355939748 0.0013454428408294916 5
1763355957350 0.0013425979996100068 6
1763355974214 0.0013424002099782228 7
1763355991559 0.0013402487384155393 8
1763356042146 0.001340419170446694 9
1763356090047 0.001336622517555952 10
1763356107882 0.0013360345037654042 11
1763356125960 0.001334539265371859 12
1763356174059 0.00133324577473104 13
1763356219564 0.0013319333083927631 14
1763356263114 0.0013314152602106333 15
1763356304530 0.0013312993105500937 16
1763356352581 0.0013314642710611224 17
1763356404567 0.0013305526226758957 18
1763356458174 0.0013319903519004583 19
1763356498689 0.001328547135926783 20
1763356517113 0.0013312925584614277 21
1763356546776 0.0013295004609972239 22
1763356597623 0.0013296790421009064 23
1763356652647 0.001329793711192906 24
1763356704284 0.001328684389591217 25
1763355861847 0.0014172358205541968 0
1763356755029 0.001328547135926783 26
