1763120273077 0.04015083238482475 0
1763120273346 0.036133766174316406 1
1763120273540 0.03543463721871376 2
1763120273836 0.03505450487136841 3
1763120274109 0.034833669662475586 4
1763120274437 0.03498133644461632 5
1763120274879 0.03490309417247772 6
1763120275177 0.034742649644613266 7
1763120275522 0.03463919833302498 8
1763120275950 0.03503332659602165 9
1763120276383 0.03490733355283737 10
1763120276652 0.03506157547235489 11
1763120276944 0.034609246999025345 12
1763120277253 0.034979384392499924 13
1763120277481 0.03475380688905716 14
1763120277845 0.03467750921845436 15
1763120278084 0.03456304967403412 16
1763120278334 0.03470952436327934 17
1763120278560 0.03457408398389816 18
1763120278804 0.03470366820693016 19
1763120279031 0.03456627205014229 20
1763120279340 0.034772396087646484 21
1763120273077 0.04015083238482475 0
1763120294261 0.03456304967403412 22
