1763362623787 3.99936361645814e-05 0
1763362712133 3.9696467865724117e-05 1
1763362800302 3.969595127273351e-05 2
1763362949754 3.971113983425312e-05 3
1763363043266 3.967745215049945e-05 4
1763363141924 3.972048943978734e-05 5
1763363238936 3.9590806409250945e-05 6
1763363336524 3.957092121709138e-05 7
1763363436350 3.943707633879967e-05 8
1763363509716 3.9116916013881564e-05 9
1763363595563 3.887320781359449e-05 10
1763363674440 3.511391332722269e-05 11
1763363777146 2.810479054460302e-05 12
1763363873685 2.0988849428249523e-05 13
1763363968133 2.1227884644758888e-05 14
1763364066392 1.7772483261069283e-05 15
1763364168166 2.0174780729576014e-05 16
1763364238991 1.6472053175675683e-05 17
1763364316494 1.3694458175450563e-05 18
1763364376972 1.6786558262538165e-05 19
1763364439800 1.8401144188828766e-05 20
1763364495678 1.5136130059545394e-05 21
1763364556507 1.5984527635737322e-05 22
1763364622246 1.6367515854653902e-05 23
1763362623787 3.99936361645814e-05 0
1763364634977 1.3694458175450563e-05 24
