1763118208507 0.0016669189790263772 0
1763118220918 0.00040933466516435146 1
1763118232796 0.0003913280670531094 2
1763118245067 0.0003901798336300999 3
1763118257840 0.0003882586897816509 4
1763118272257 0.0003809118934441358 5
1763118285932 0.00038005466922186315 6
1763118299736 0.000376807467546314 7
1763118313175 0.0003744885907508433 8
1763118327439 0.00037744303699582815 9
1763118341540 0.0003736509243026376 10
1763118368243 0.0003726573777385056 11
1763118411232 0.0003748807357624173 12
1763118424891 0.00037086399970576167 13
1763118439503 0.00037238848744891584 14
1763118454120 0.0003719847882166505 15
1763118466910 0.00036910074413754046 16
1763118479637 0.0003708251751959324 17
1763118491011 0.0003698446380440146 18
1763118502818 0.0003703854454215616 19
1763118515781 0.0003704665577970445 20
1763118528120 0.0003687228017952293 21
1763118540163 0.000369025714462623 22
1763118552133 0.0003681456728372723 23
1763118564519 0.00036836895742453635 24
1763118576883 0.0003678089997265488 25
1763118589918 0.0003678896464407444 26
1763118602967 0.0003678546054288745 27
1763118615677 0.00036658174940384924 28
1763118628694 0.00036711152642965317 29
1763118641371 0.00036635567084886134 30
1763118653705 0.00036754831671714783 31
1763118666425 0.00036581617314368486 32
1763118678228 0.0003677187778521329 33
1763118691358 0.0003647507692221552 34
1763118703739 0.00036463679862208664 35
1763118716327 0.00036599842133000493 36
1763118754094 0.0003642594674602151 37
1763118797108 0.0003650283324532211 38
1763118840524 0.00036476593231782317 39
1763118881515 0.0003660415532067418 40
1763118896691 0.00036527772317640483 41
1763118910630 0.00036451886990107596 42
1763118208507 0.0016669189790263772 0
1763118920393 0.0003642594674602151 43
