1763355766766 0.04140005633234978 0
1763355767097 0.03572772815823555 1
1763355767403 0.03553401678800583 2
1763355767664 0.035128455609083176 3
1763355768012 0.034997522830963135 4
1763355768239 0.034880220890045166 5
1763355768486 0.03471860662102699 6
1763355768820 0.034622013568878174 7
1763355769077 0.03477771580219269 8
1763355769320 0.03487159684300423 9
1763355769554 0.03478303179144859 10
1763355769773 0.034664906561374664 11
1763355770087 0.03475554287433624 12
1763355766766 0.04140005633234978 0
1763355783009 0.034622013568878174 13
