1763357092202 4.007000825367868e-05 0
1763357150162 3.9730432035867125e-05 1
1763357232071 3.97215953853447e-05 2
1763357297257 3.970062607550062e-05 3
1763357388198 3.9728794945403934e-05 4
1763357550212 3.965543510275893e-05 5
1763357650261 3.97236472053919e-05 6
1763357817191 3.975270738010295e-05 7
1763357974448 3.967783413827419e-05 8
1763358046594 3.959641981055029e-05 9
1763358146785 3.942082548746839e-05 10
1763358293565 3.9276867028092965e-05 11
1763358460996 3.783616193686612e-05 12
1763358630881 3.1272316846298054e-05 13
1763358792847 2.0887133359792642e-05 14
1763358885030 1.570273525430821e-05 15
1763358978375 1.6277139366138726e-05 16
1763359078286 2.1861796994926408e-05 17
1763359172445 1.7166108591482043e-05 18
1763359269442 1.5679735952289775e-05 19
1763359366523 1.5920426449156366e-05 20
1763359460907 1.6350188161595725e-05 21
1763359557007 1.5369452739832923e-05 22
1763359652309 1.6419693565694615e-05 23
1763359748669 1.5058621102070902e-05 24
1763359843144 1.6493257135152817e-05 25
1763359934594 1.3989467333885841e-05 26
1763360031867 1.2342027730483096e-05 27
1763360123003 1.5662571968277916e-05 28
1763360215396 1.5485578842344694e-05 29
1763360310186 1.440982669009827e-05 30
1763360409535 1.616198460396845e-05 31
1763360506550 1.604576209501829e-05 32
1763357092202 4.007000825367868e-05 0
1763360534271 1.2342027730483096e-05 33
