1763096387906 0.1374911069869995 0
1763096388202 0.12165629863739014 1
1763096388505 0.1067250594496727 2
1763096388781 0.09602712094783783 3
1763096389031 0.09612337499856949 4
1763096389198 0.09643185138702393 5
1763096389418 0.09694726765155792 6
1763096389596 0.09441957622766495 7
1763096389759 0.09319282323122025 8
1763096389948 0.09270858019590378 9
1763096390120 0.09282059967517853 10
1763096390283 0.09299064427614212 11
1763096390461 0.09344571828842163 12
1763096390630 0.09197194129228592 13
1763096390805 0.09259085357189178 14
1763096391052 0.09113990515470505 15
1763096391223 0.09058085829019547 16
1763096391456 0.09061744809150696 17
1763096391622 0.09151435643434525 18
1763096391789 0.09044655412435532 19
1763096391963 0.08960894495248795 20
1763096392159 0.09117262065410614 21
1763096392450 0.0898885726928711 22
1763096392717 0.08977574110031128 23
1763096392969 0.08922155201435089 24
1763096393208 0.08890552073717117 25
1763096393482 0.08932310342788696 26
1763096393761 0.08951032161712646 27
1763096394038 0.08900416642427444 28
1763096394353 0.08860868215560913 29
1763096394648 0.08823223412036896 30
1763096394931 0.08799616247415543 31
1763096395201 0.08772461861371994 32
1763096395400 0.08724545687437057 33
1763096395656 0.08719859272241592 34
1763096395936 0.08711766451597214 35
1763096396243 0.08715400099754333 36
1763096396483 0.08653918653726578 37
1763096396712 0.08667803555727005 38
1763096396978 0.08597255498170853 39
1763096397237 0.08519826829433441 40
1763096397408 0.08490940928459167 41
1763096397580 0.08494370430707932 42
1763096397754 0.08479642868041992 43
1763096397916 0.08418845385313034 44
1763096398119 0.0833607167005539 45
1763096398279 0.08213299512863159 46
1763096398425 0.08311934769153595 47
1763096398588 0.0821620374917984 48
1763096398776 0.08215335011482239 49
1763096387906 0.1374911069869995 0
