1763113064403 0.03953174874186516 0
1763113065838 0.03633025288581848 1
1763113066676 0.03564812242984772 2
1763113067372 0.03508696332573891 3
1763113068032 0.034992340952157974 4
1763113068589 0.035346515476703644 5
1763113069007 0.03477204591035843 6
1763113069424 0.035107485949993134 7
1763113069889 0.03544354811310768 8
1763113070368 0.03467573598027229 9
1763113070775 0.03474016487598419 10
1763113071198 0.034596364945173264 11
1763113071629 0.03473566472530365 12
1763113072007 0.03473973646759987 13
1763113072366 0.034730277955532074 14
1763113072781 0.03462423384189606 15
1763113073233 0.03473177179694176 16
1763113064403 0.03953174874186516 0
1763113097870 0.034596364945173264 17
