1763361300476 0.001424082089215517 0
1763361319597 0.0013578652869910002 1
1763361349907 0.0013521854998543859 2
1763361393617 0.0013498811749741435 3
1763361426649 0.0013470067642629147 4
1763361458835 0.001343335141427815 5
1763361490498 0.0013421600451692939 6
1763361522775 0.0013413509586825967 7
1763361555869 0.0013402203330770135 8
1763361587891 0.0013374646659940481 9
1763361619746 0.0013373641995713115 10
1763361652998 0.0013343736063688993 11
1763361685016 0.0013330207439139485 12
1763361719804 0.0013310801004990935 13
1763361752505 0.0013330206274986267 14
1763361783682 0.0013338838471099734 15
1763361818117 0.0013312660157680511 16
1763361851141 0.001330101047642529 17
1763361881596 0.0013301747385412455 18
1763361910358 0.0013303401647135615 19
1763361940299 0.001328852609731257 20
1763361969920 0.0013295105891302228 21
1763361997970 0.0013295873068273067 22
1763362026262 0.001330113154835999 23
1763362056032 0.0013293412048369646 24
1763362085933 0.0013287425972521305 25
1763362116238 0.0013285978930070996 26
1763362147803 0.0013294524978846312 27
1763362177764 0.0013297849800437689 28
1763362218549 0.0013276170939207077 29
1763362248168 0.0013285649474710226 30
1763362276800 0.0013284049928188324 31
1763362306646 0.0013282332802191377 32
1763362335826 0.0013280402636155486 33
1763362368475 0.00132782815489918 34
1763361300476 0.001424082089215517 0
1763362389596 0.0013276170939207077 35
