1763360747865 0.0015632398426532745 0
1763360772356 0.0004109916044399142 1
1763360796433 0.000389677268685773 2
1763360820170 0.00038807984674349427 3
1763360846682 0.0003868909552693367 4
1763360870223 0.00038489565486088395 5
1763360894252 0.0003807384637184441 6
1763360918069 0.0003761210246011615 7
1763360943369 0.0003805222222581506 8
1763360963976 0.00037365726893767715 9
1763360977194 0.00037858294672332704 10
1763360990812 0.00037370517384260893 11
1763361004826 0.000370413443306461 12
1763361018947 0.0003716851060744375 13
1763361034417 0.00037191013689152896 14
1763361056503 0.00037121702916920185 15
1763361080351 0.0003719660744536668 16
1763361103874 0.0003704323316924274 17
1763360747865 0.0015632398426532745 0
1763361118168 0.000370413443306461 18
