1763096356950 0.039355840533971786 0
1763096357395 0.03673912584781647 1
1763096357773 0.03515661507844925 2
1763096358074 0.035292621701955795 3
1763096358597 0.034903645515441895 4
1763096358953 0.035122159868478775 5
1763096359393 0.034733980894088745 6
1763096359668 0.0349394790828228 7
1763096360072 0.0347573421895504 8
1763096360367 0.03488721698522568 9
1763096360705 0.03467387706041336 10
1763096361087 0.03461802005767822 11
1763096361327 0.03488544747233391 12
1763096361614 0.03463509678840637 13
1763096361858 0.03469640016555786 14
1763096362176 0.03528912365436554 15
1763096362636 0.034876104444265366 16
1763096356950 0.039355840533971786 0
1763096379806 0.03461802005767822 17
