1763097576823 0.03994643688201904 0
1763097577218 0.03762461990118027 1
1763097577506 0.035342153161764145 2
1763097577882 0.0350860096514225 3
1763097578216 0.03494459018111229 4
1763097578539 0.03480567783117294 5
1763097578839 0.03493178263306618 6
1763097579195 0.0348389595746994 7
1763097579499 0.035007696598768234 8
1763097579826 0.03456219658255577 9
1763097580065 0.03466289862990379 10
1763097580293 0.03449447825551033 11
1763097580526 0.03467073291540146 12
1763097580795 0.034617673605680466 13
1763097581019 0.03532586246728897 14
1763097581219 0.03475118800997734 15
1763097581438 0.03472784906625748 16
1763097576823 0.03994643688201904 0
1763097597797 0.03449447825551033 17
