1763121628774 4.005341179436073e-05 0
1763121775726 3.975420258939266e-05 1
1763121859956 3.971612750319764e-05 2
1763121931074 3.971299884142354e-05 3
1763121988572 3.971379192080349e-05 4
1763122043163 3.968751843785867e-05 5
1763122115915 3.972065314883366e-05 6
1763122208597 3.9661470509599894e-05 7
1763122291086 3.967735392507166e-05 8
1763122347287 3.968225428252481e-05 9
1763122438653 3.9671125705353916e-05 10
1763122527057 3.955822830903344e-05 11
1763122630053 3.943461342714727e-05 12
1763122738174 3.916423884220421e-05 13
1763122845555 3.838365955743939e-05 14
1763122953491 3.5112228943035007e-05 15
1763123059622 2.741910248005297e-05 16
1763123168998 1.824468381528277e-05 17
1763123269879 1.517396594863385e-05 18
1763123360356 1.5622454156982712e-05 19
1763123425446 2.0203497115289792e-05 20
1763123529192 1.274567603104515e-05 21
1763123633467 1.7404958271072246e-05 22
1763123735096 1.412016627000412e-05 23
1763123836470 1.5893936506472528e-05 24
1763123981152 1.3919972843723372e-05 25
1763124081546 1.4116523743723519e-05 26
1763121628774 4.005341179436073e-05 0
1763124108098 1.274567603104515e-05 27
