1763098242346 0.041892971843481064 0
1763098243582 0.03606591373682022 1
1763098244673 0.035382069647312164 2
1763098245559 0.035068269819021225 3
1763098247004 0.03513176739215851 4
1763098248099 0.03496134281158447 5
1763098249040 0.03482275456190109 6
1763098251604 0.03471611067652702 7
1763098252482 0.034807972609996796 8
1763098253809 0.034836363047361374 9
1763098255058 0.034849390387535095 10
1763098256073 0.03458631411194801 11
1763098257491 0.03613143786787987 12
1763098258794 0.034806083887815475 13
1763098259604 0.035307615995407104 14
1763098260490 0.0344998873770237 15
1763098261328 0.035176269710063934 16
1763098262173 0.034724120050668716 17
1763098263008 0.03486068174242973 18
1763098263811 0.03459841012954712 19
1763098264745 0.0347529798746109 20
1763098242346 0.041892971843481064 0
1763098289311 0.0344998873770237 21
