1763120374084 0.0014138673432171345 0
1763120391018 0.0013577960198745131 1
1763120415346 0.0013498247135430574 2
1763120443454 0.0013502404326573014 3
1763120465625 0.0013463329523801804 4
1763120492260 0.0013429259415715933 5
1763120518566 0.0013430528342723846 6
1763120540002 0.0013405514182522893 7
1763120556245 0.0013392023975029588 8
1763120571971 0.001337879803031683 9
1763120587325 0.0013367432402446866 10
1763120602767 0.0013363553443923593 11
1763120618419 0.0013357254210859537 12
1763120633826 0.0013336124829947948 13
1763120649342 0.001331901759840548 14
1763120664404 0.0013329253997653723 15
1763120680545 0.001332003390416503 16
1763120696290 0.001331469276919961 17
1763120712364 0.0013309783535078168 18
1763120727899 0.0013300072168931365 19
1763120743537 0.0013300325954332948 20
1763120759670 0.0013309596106410027 21
1763120780408 0.0013294982491061091 22
1763120805601 0.001328515587374568 23
1763120832415 0.0013282302534207702 24
1763120859262 0.0013292906805872917 25
1763120883810 0.0013281158171594143 26
1763120909665 0.0013283321168273687 27
1763120935168 0.0013280262937769294 28
1763120960331 0.001328064943663776 29
1763120997632 0.0013276415411382914 30
1763121023570 0.0013287832261994481 31
1763121047155 0.001328223617747426 32
1763121073360 0.0013276587706059217 33
1763121099394 0.0013283125590533018 34
1763121125058 0.0013270801864564419 35
1763121149826 0.0013278962578624487 36
1763121174014 0.0013272181386128068 37
1763121197068 0.0013269617920741439 38
1763121221464 0.0013283247826620936 39
1763121245435 0.001326447119936347 40
1763121269671 0.0013281351421028376 41
1763121294312 0.0013275486417114735 42
1763121319027 0.0013265868183225393 43
1763121343361 0.0013280847342684865 44
1763121366801 0.0013266802998259664 45
1763120374084 0.0014138673432171345 0
1763121378202 0.001326447119936347 46
