1763113189632 0.0014297417365014553 0
1763113213189 0.0013533191522583365 1
1763113232368 0.0013504717499017715 2
1763113251580 0.0013460316695272923 3
1763113273299 0.0013471293495967984 4
1763113294185 0.001343071460723877 5
1763113315039 0.0013402041513472795 6
1763113350144 0.0013409627135843039 7
1763113399048 0.0013395528076216578 8
1763113457867 0.001339712762273848 9
1763113554597 0.00133789936080575 10
1763113613083 0.0013360700104385614 11
1763113669485 0.0013340824516490102 12
1763113720892 0.0013332420494407415 13
1763113783064 0.0013317252742126584 14
1763113848392 0.0013316855765879154 15
1763113899161 0.0013311580987647176 16
