1763105003797 0.0014884767588227987 0
1763105018126 0.0004162737459409982 1
1763105034060 0.0003924165794160217 2
1763105048308 0.0003887366910930723 3
1763105062699 0.00038917650817893445 4
1763105076848 0.00038566961302421987 5
1763105090674 0.00037847034400328994 6
1763105106623 0.00037776687531732023 7
1763105120909 0.00037653325125575066 8
1763105134760 0.0003742519475053996 9
1763105149362 0.00037364527815952897 10
1763105164500 0.00037175629404373467 11
1763105188954 0.00037529991823248565 12
1763105215811 0.0003698655345942825 13
1763105238060 0.00037012025131843984 14
1763105253782 0.0003717784711625427 15
1763105280196 0.00036815847852267325 16
1763105307653 0.00037233257899060845 17
1763105333869 0.00037090072873979807 18
1763105359064 0.00037003890611231327 19
1763105384439 0.00036868007737211883 20
1763105409376 0.00036880734842270613 21
1763105003797 0.0014884767588227987 0
1763105428679 0.00036815847852267325 22
