1763365296852 3.1368585041491315e-05 0
1763365297236 1.2605128176801372e-05 1
1763365297583 7.020417797320988e-06 2
1763365297927 3.6482392715697642e-06 3
1763365298282 1.946391193996533e-06 4
1763365298595 1.0430907195768668e-06 5
1763365298912 5.532946829589491e-07 6
1763365299189 2.928626372522558e-07 7
1763365299470 1.614137516980918e-07 8
1763365299776 8.868935452710502e-08 9
1763365300170 4.9198270346551e-08 10
1763365300513 3.01616260856008e-08 11
1763365300786 1.66588165484427e-08 12
1763365301099 9.264828015886906e-09 13
1763365301445 5.795642632477893e-09 14
1763365301848 3.1886828733007633e-09 15
1763365302182 2.363730544630016e-09 16
1763365302525 2.0678252443673273e-09 17
1763365302825 1.1158663992816287e-09 18
1763365303120 1.221710732579595e-09 19
1763365303424 9.306663772967738e-10 20
1763365303738 9.172772541532481e-10 21
1763365304071 7.298979753933565e-10 22
1763365304407 6.725758283643302e-10 23
1763365304772 6.045964839884732e-10 24
1763365305060 7.283623704168463e-10 25
1763365305344 5.939466141136052e-10 26
1763365305714 4.911518969308304e-10 27
1763365306045 5.658007395936693e-10 28
1763365306401 5.468491215410154e-10 29
1763365306640 5.533508651289765e-10 30
1763365306935 4.752155891019072e-10 31
1763365307195 4.804323605611671e-10 32
1763365307529 6.531828966593878e-10 33
1763365307965 5.313152695585188e-10 34
1763365308285 5.932062618896339e-10 35
1763365308564 4.820056020982122e-10 36
1763365296852 3.1368585041491315e-05 0
1763365320928 4.752155891019072e-10 37
