1763361166659 2.36604391830042e-05 0
1763361166917 1.0398150152468588e-05 1
1763361167108 5.453255653264932e-06 2
1763361167289 2.640495722516789e-06 3
1763361167542 1.3891776688979007e-06 4
1763361167810 7.468876788152556e-07 5
1763361168042 4.0994478922584676e-07 6
1763361168263 2.18995552359047e-07 7
1763361168456 1.1923461329388374e-07 8
1763361168654 6.036052724311958e-08 9
1763361168845 3.128171499611199e-08 10
1763361169009 1.592141352091403e-08 11
1763361169203 9.483896334927522e-09 12
1763361169408 5.209514153392547e-09 13
1763361169628 3.8990739525957e-09 14
1763361169831 2.036380175596264e-09 15
1763361170039 1.3592766912040588e-09 16
1763361170238 1.1095008245476379e-09 17
1763361170458 7.375571819956406e-10 18
1763361170679 6.048788137036354e-10 19
1763361170897 4.6070608439308103e-10 20
1763361171165 4.5795645053914313e-10 21
1763361171480 5.172688388732638e-10 22
1763361171741 4.830223443441639e-10 23
1763361171958 4.490869620621396e-10 24
1763361172168 5.246512668755088e-10 25
1763361172457 5.174417005981979e-10 26
1763361172657 5.03075081592641e-10 27
1763361172850 4.910699624716131e-10 28
1763361173084 5.135639691289384e-10 29
1763361166659 2.36604391830042e-05 0
1763361183526 4.490869620621396e-10 30
