1763115012734 4.0019200241658837e-05 0
1763115161232 3.974093124270439e-05 1
1763115313416 3.96962532249745e-05 2
1763115431914 3.972859849454835e-05 3
1763115575866 3.971595651819371e-05 4
1763115679974 3.968042801716365e-05 5
1763115770945 3.9709855627734214e-05 6
1763115864901 3.9720685890642926e-05 7
1763116021281 3.966515578213148e-05 8
1763116181323 3.959323657909408e-05 9
1763116292910 3.966370059060864e-05 10
1763116382834 3.953114355681464e-05 11
1763116466761 3.931501487386413e-05 12
1763116570115 3.692823520395905e-05 13
1763116699717 2.7216177841182798e-05 14
1763116798917 1.9174400222254917e-05 15
1763116892845 1.823769162001554e-05 16
1763116943066 1.4315247426566202e-05 17
1763116997299 1.775203418219462e-05 18
1763117050904 1.4254432244342752e-05 19
1763117103666 1.781362880137749e-05 20
1763117156033 1.682414222159423e-05 21
1763117262248 1.5867104593780823e-05 22
1763117380324 1.3942442819825374e-05 23
1763117497595 1.3806885363010224e-05 24
1763117548385 1.5376703231595457e-05 25
1763117609894 1.7309326722170226e-05 26
1763117781356 1.4275688045017887e-05 27
1763117887560 1.7345057131024078e-05 28
1763118031402 1.552054163767025e-05 29
1763115012734 4.0019200241658837e-05 0
1763118093409 1.3806885363010224e-05 30
