1763111834565 4.003632420790382e-05 0
1763111912809 3.971769183408469e-05 1
1763112020575 3.972865306423046e-05 2
1763112105824 3.972417471231893e-05 3
1763112187803 3.9715181628707796e-05 4
1763112262831 3.9664246287429705e-05 5
1763112326991 3.971447949879803e-05 6
1763112400098 3.966284202761017e-05 7
1763112485600 3.959668902098201e-05 8
1763112573783 3.9558293792651966e-05 9
1763112664928 3.9303788071265444e-05 10
1763112754805 3.869127613143064e-05 11
1763112840030 3.534804272931069e-05 12
1763112925345 2.4480332285747863e-05 13
