1763361202374 0.03979077190160751 0
1763361202767 0.03634911775588989 1
1763361203042 0.035894956439733505 2
1763361203265 0.035420700907707214 3
1763361203545 0.03503204882144928 4
1763361203798 0.03492741659283638 5
1763361204108 0.034702543169260025 6
1763361204386 0.03518885374069214 7
1763361204680 0.034927140921354294 8
1763361204928 0.034393176436424255 9
1763361205208 0.03490860387682915 10
1763361205431 0.034716103225946426 11
1763361205688 0.03498544916510582 12
1763361205915 0.03508889302611351 13
1763361206147 0.0351920910179615 14
1763361202374 0.03979077190160751 0
1763361215882 0.034393176436424255 15
