1763113116348 0.1415742188692093 0
1763113116602 0.12312821298837662 1
1763113116942 0.10631342232227325 2
1763113117207 0.09857399761676788 3
1763113117432 0.09405866265296936 4
1763113117613 0.09562493860721588 5
1763113117768 0.0978398397564888 6
1763113117922 0.0967397391796112 7
1763113118080 0.09436613321304321 8
1763113118240 0.09383492916822433 9
1763113118388 0.09389686584472656 10
1763113118534 0.09238748252391815 11
1763113118698 0.09302155673503876 12
1763113118867 0.09296227991580963 13
1763113119042 0.09344283491373062 14
1763113119305 0.09144171327352524 15
1763113119549 0.0917440801858902 16
1763113119789 0.09075132757425308 17
1763113119955 0.09082478284835815 18
1763113120113 0.09070530533790588 19
1763113120253 0.08967094868421555 20
1763113120405 0.0903971940279007 21
1763113120565 0.09035027027130127 22
1763113120740 0.09010770171880722 23
1763113121020 0.09012768417596817 24
1763113121299 0.0893368124961853 25
1763113121545 0.08941109478473663 26
1763113121807 0.08933351188898087 27
1763113122034 0.08912727236747742 28
1763113122285 0.08849545568227768 29
1763113122536 0.08842871338129044 30
1763113122745 0.08840261399745941 31
1763113122946 0.08837513625621796 32
1763113123208 0.08774241805076599 33
1763113123493 0.08787180483341217 34
1763113123718 0.08768583089113235 35
1763113124001 0.08674056082963943 36
1763113124222 0.08685937523841858 37
1763113124379 0.08609311282634735 38
1763113124564 0.08593939244747162 39
1763113124799 0.08515526354312897 40
1763113125073 0.08482231199741364 41
1763113125323 0.08466890454292297 42
1763113125605 0.08444392681121826 43
1763113125903 0.08392955362796783 44
1763113126116 0.08384445309638977 45
1763113126271 0.08281680196523666 46
1763113126437 0.08237892389297485 47
1763113126589 0.08223383128643036 48
1763113126748 0.08158417046070099 49
1763113116348 0.1415742188692093 0
