1763361231414 0.13361135125160217 0
1763361231655 0.11670723557472229 1
1763361231932 0.10328424721956253 2
1763361232262 0.09864944219589233 3
1763361232479 0.09394589811563492 4
1763361232669 0.09653802216053009 5
1763361232842 0.09775184839963913 6
1763361233000 0.09585079550743103 7
1763361233166 0.0956943929195404 8
1763361233341 0.09297732263803482 9
1763361233561 0.0942671075463295 10
1763361233725 0.09269053488969803 11
1763361233929 0.0925104096531868 12
1763361234231 0.09289445728063583 13
1763361234480 0.09204387664794922 14
1763361234720 0.09146864712238312 15
1763361234926 0.09183590859174728 16
1763361235083 0.09119244664907455 17
1763361235244 0.09045881032943726 18
1763361235416 0.09069336205720901 19
1763361235719 0.0905834436416626 20
1763361235877 0.08988922834396362 21
1763361236084 0.0898657739162445 22
1763361236395 0.08906944841146469 23
1763361236660 0.08893953263759613 24
1763361236904 0.08909497410058975 25
1763361237141 0.08878038823604584 26
1763361237395 0.08840813487768173 27
1763361237655 0.08786328881978989 28
1763361237935 0.0879877433180809 29
1763361238187 0.08792340010404587 30
1763361238405 0.08765005320310593 31
1763361238561 0.08748356252908707 32
1763361238730 0.08617963641881943 33
1763361238890 0.08620373904705048 34
1763361239043 0.08564598858356476 35
1763361239271 0.08470510691404343 36
1763361239437 0.08470720797777176 37
1763361239612 0.08417002111673355 38
1763361239764 0.08383893966674805 39
1763361239914 0.08393099159002304 40
1763361240107 0.08260476589202881 41
1763361240267 0.08169948309659958 42
1763361240428 0.08135660737752914 43
1763361240633 0.08098035305738449 44
1763361240811 0.08068297803401947 45
1763361241000 0.07924719154834747 46
1763361241188 0.07788338512182236 47
1763361241355 0.07900121062994003 48
1763361241534 0.07953821867704391 49
1763361231414 0.13361135125160217 0
