1763097605601 0.14426448941230774 0
1763097605896 0.12099026888608932 1
1763097606146 0.10693373531103134 2
1763097606467 0.09569435566663742 3
1763097606703 0.09339980781078339 4
1763097606898 0.09920676052570343 5
1763097607081 0.09990587085485458 6
1763097607238 0.09580852091312408 7
1763097607429 0.09602431207895279 8
1763097607597 0.09336226433515549 9
1763097607813 0.09269282221794128 10
1763097608048 0.09249269217252731 11
1763097608211 0.09257523715496063 12
1763097608425 0.09305068850517273 13
1763097608609 0.09219080954790115 14
1763097608776 0.09141048789024353 15
1763097609030 0.09132092446088791 16
1763097609287 0.09115497767925262 17
1763097609454 0.09114401042461395 18
1763097609640 0.09040539711713791 19
1763097609782 0.09104546904563904 20
1763097609952 0.09062303602695465 21
1763097610150 0.09021028876304626 22
1763097610421 0.0896843895316124 23
1763097610711 0.08955693989992142 24
1763097611046 0.08950082957744598 25
1763097611306 0.08855604380369186 26
1763097611602 0.08898257464170456 27
1763097611896 0.08870022743940353 28
1763097612203 0.08820072561502457 29
1763097612493 0.08841948211193085 30
1763097612716 0.08678489178419113 31
1763097612858 0.08767752349376678 32
1763097613036 0.08738244324922562 33
1763097613253 0.08693395555019379 34
1763097613426 0.08624625951051712 35
1763097613640 0.08623599261045456 36
1763097613875 0.08598728477954865 37
1763097614182 0.0854780524969101 38
1763097614396 0.0849650502204895 39
1763097614646 0.08464261144399643 40
1763097614882 0.08399086445569992 41
1763097615058 0.08416617661714554 42
1763097615230 0.08407017588615417 43
1763097615376 0.08453158289194107 44
1763097615682 0.08243044465780258 45
1763097615860 0.08138976246118546 46
1763097616060 0.08026626706123352 47
1763097616283 0.08090616017580032 48
1763097616448 0.07981910556554794 49
1763097605601 0.14426448941230774 0
