1763124301306 0.0014628070639446378 0
1763124315372 0.0004061985237058252 1
1763124334009 0.00039340092916972935 2
1763124361366 0.0003888935025315732 3
1763124387124 0.0003886148624587804 4
1763124410381 0.00037855288246646523 5
1763124435048 0.0003799812984652817 6
1763124459102 0.00037594878813251853 7
1763124482787 0.00037424289621412754 8
1763124507759 0.0003734732454176992 9
1763124523471 0.00037494389107450843 10
1763124537521 0.0003714569902513176 11
1763124551454 0.00037179054925218225 12
1763124565298 0.00037438393337652087 13
1763124579313 0.00037116569001227617 14
1763124592897 0.00037222227547317743 15
1763124606237 0.00036919533158652484 16
1763124619600 0.00037176930345594883 17
1763124633552 0.00037144412635825574 18
1763124648701 0.00036982083111070096 19
1763124663659 0.00037055849679745734 20
1763124677225 0.00036813996848650277 21
1763124691456 0.000369226181646809 22
1763124705526 0.0003673875762615353 23
1763124719380 0.000366420455975458 24
1763124733455 0.00036795478081330657 25
1763124750439 0.000366551976185292 26
1763124777614 0.00036540679866448045 27
1763124803285 0.0003682123788166791 28
1763124830183 0.00036737287882715464 29
1763124846699 0.0003651828446891159 30
1763124863368 0.00036671452107839286 31
1763124879867 0.0003666047123260796 32
1763124895751 0.0003659662907011807 33
1763124912268 0.00036642327904701233 34
1763124928839 0.000364702835213393 35
1763124945403 0.0003646999830380082 36
1763124962203 0.000364986015483737 37
1763124978425 0.0003657132911030203 38
1763124996712 0.0003651520237326622 39
1763125035216 0.00036541614099405706 40
1763125083715 0.00036410524626262486 41
1763125132346 0.0003641161893028766 42
1763125173419 0.0003647944249678403 43
1763250771513 0.00036467521567828953 44
1763250790523 0.000365466985385865 45
1763250815838 0.000364780833479017 46
1763124301306 0.0014628070639446378 0
1763250848492 0.00036410524626262486 47
