1763364773238 0.0016300773713737726 0
1763364788974 0.00040493233245797455 1
1763364802539 0.00039734505116939545 2
1763364816325 0.0003852974041365087 3
1763364830131 0.00039344161632470787 4
1763364844178 0.00038131236215122044 5
1763364858714 0.0003822077705990523 6
1763364880476 0.0003797801036853343 7
1763364899659 0.00037773646181449294 8
1763364915177 0.00037789149791933596 9
1763364928454 0.0003745474969036877 10
1763364943235 0.0003742629778571427 11
1763364963094 0.00037008014624007046 12
1763364977557 0.0003723333647940308 13
1763364996295 0.0003729396848939359 14
1763365020230 0.00037249643355607986 15
1763365040497 0.0003683889517560601 16
1763365054672 0.000372483569663018 17
1763365068467 0.00036766205448657274 18
1763365081312 0.0003718224470503628 19
1763365100165 0.0003694993501994759 20
1763365118442 0.000369405111996457 21
1763365140211 0.0003660871007014066 22
1763365161801 0.00036804305273108184 23
1763365182186 0.00036786976852454245 24
1763365202334 0.0003680301015265286 25
1763365222592 0.00036885758163407445 26
1763365243917 0.0003662563976831734 27
1763364773238 0.0016300773713737726 0
1763365257230 0.0003660871007014066 28
